523.51
523.51
517.1
525.31
523.9
527
542.0959
549.03
532.1729
509.5892
515.06
512.9995
520.168
519.33
521.7302
526.31
533.9
518.83
509.794
529.69
539
541.388
529.8209
533.25
547.2445
538.7923
575.8454
586.19
585.28
589.36
582.94
584.78
589.53
571.5
561.7
560.9134
565.73
527.678
525.62
536.88
542.898
542.83
547.06
537.75
558.0019
582.8495
584.6211
576.8
596.5399
595.32
604
609.538
616.83
613.3554
634.03
609.84
632.64
644.6136
649.7925
634.76
629.714
628.1
640.91
635.85
638.17
652.59
666.8
671.45
661.31
659.39
667.105
681.32
665.18
673.54
690.79
700.095
698.7
702.1
701.91
699.781
691.28
682.98
669.79
660.59
662.74
680.44
676.27
670.23
674.97
665.24
663.868
673.466
674.8
675.68
663.222
662.63
668.87
656.062
665.15
648.11
636.34
630.83
631.69
630
621.7
620.73
619.86
620.914
622.55
615.7
607.79
606.81
610.76
595.03
585.16
574.88
574.97
600.92
603.83
604.3
614.32
606.26
606.94
606.91
604.97
598.9
604.43
608.21
613.89
605.88
609.94
599.41
592.52
584
569.05
574.5
572.025
570.765
582.1
577.67
585.741
587.41
585.78
574.13
571.53
572.16
576.16
571.17
580.32
571.72
571.46
562.83
564.29
560.99
577.73
579.17
572.27
562.29
565.32
570.56
556.97
561.28
530.38
530.12
546.075
553.17
558.22
566.71
570.52
569.18
568.18
569.48
565.25
581.82
585.98
582.13
583.98
603
607.7
610
560.28
571.7
572.98
587.44
608.34
609.7
580.13
605.23
622.77
626.2
628.44
636.23
633.68
624.31
629.32
618.63
599.55
609.86
617.62
614.48
606.98
596.05
599.34
602.5
605.96
601.1
585.57
585.56
589.58
568.1
552
545.17
541.99
530.69
530.26
533.16
545.18
544.47
542.44
535.41
525.76
522.41
516.39
513.04
514.85
502.12
502.21
497.67
509.46
502.6
493.42
493.17
476.68
468.83
463.97
459.68
455.12
456.19
456.48
453.01
447.28
444.63
446.66
420.41
427.409
420.3
427.75
429.11
424.7
419.81
421.39
422.55
423.24
