11.61
11.87
12.09
12.15
11.97
12.01
12.05
11.37
11.32
11.66
11.29
11.27
11.2
11.1
11.4
11.24
10.645
10.545
10.59
10.59
10.64
10.6
10.56
10.51
9.97
9.79
9.93
9.78
9.84
9.56
9.89
9.82
9.835
9.67
9.465
9.36
9.12
9.03
9.38
9.31
9.5
9.295
9.49
9.63
9.825
9.83
9.87
9.34
9.2
9.165
9.365
9.45
9.44
9.47
9.42
9.38
9.42
9.53
9.235
9.16
9.39
9.19
9.325
9.16
9.56
9.2
8.975
9.1
8.87
8.89
8.935
8.855
9.165
8.99
9.35
9.14
9.33
9.16
9.39
9.6
8.89
9.15
8.63
8.835
8.465
8.035
7.99
8
8
7.95
7.98
8.04
8.2
8.12
8.22
8.14
8.25
7.98
7.97
7.89
7.75
7.78
7.72
7.66
7.68
7.58
7.71
7.45
7.3
7.12
7.35
7.28
7.28
7.2
7.22
7.11
7.16
6.94
7.205
7.56
7.88
7.92
7.925
7.56
7.53
7.49
7.65
7.63
7.69
8.03
8.06
8.2
8
7.62
7.68
7.65
7.735
7.965
8.11
8.16
7.88
7.77
7.72
7.52
7.4
7.32
7.72
7.35
7.81
7.24
6.91
7.1
7.12
7.21
7.33
7.28
7.07
7.26
6.9
6.92
7.03
7.01
7.1
7.4
7.37
7.37
7.48
7.91
7.67
7.87
7.71
7.9
8.175
8.21
8.11
8.22
8.34
8.19
8.3
8.25
8.02
8.78
9.16
8.88
8.965
8.87
9.08
8.93
8.78
8.97
9.04
9.14
9.35
9.67
9.54
9.61
9.63
9.62
9.865
10.01
9.47
9.66
9.96
9.63
9.78
9.41
8.98
8.66
8.07
8.01
8.115
8.07
7.81
7.78
8.09
8.11
8.09
8.16
8.05
7.79
8.05
7.97
8.06
8.025
8.04
7.71
8.01
8.15
8.27
8.05
8.31
7.96
7.95
7.785
7.66
7.43
7.25
7.17
7.13
7.21
7.45
7.2
7.11
7.13
6.95
7.21
6.5
6.63
6.49
6.99
6.6
6.44
6.26
6.21
5.75
5.71
5.75
5.39
5.29
5.45


